"Entered statistic"	"p-value"	"ppr"	"ppr half"	"pp33%"	"pp33 half"	"Z-R"	"Z-R half"	"Z-33"	"z-33 half"
"r(98)=0.2"	0.0460362864600541	0.920725729201082	NA	0.0386476080295114	NA	1.40996999934487	NA	-1.76660014880391	NA
"r(127)=0.13"	0.142000097517023	NA	NA	NA	NA	NA	NA	NA	NA
"r(183)=0.36"	0.00000048255102669259	0.00000965102053385181	0.0000193020410677036	0.999419040625924	0.999727968679279	-4.27281521270601	-4.11567926390362	3.24806707912406	3.45806869382781
"r(58)=0.35"	0.00611873230761173	0.122374646152235	0.244749292304469	0.67576193161101	0.847117891660326	-1.16319771774743	-0.691106549631601	0.455880188294828	1.02415045379915
"r(144)=0.36"	0.00000807904976118934	0.000161580995223787	0.000323161990447574	0.995625808704108	0.99795002124356	-3.59598856886854	-3.41139074120813	2.62173344053972	2.87036690968113
"r(118)=0.08"	0.385078772368438	NA	NA	NA	NA	NA	NA	NA	NA
